6182525
5161127
1663631
8057318
1984693
7520304
6850160
6082382
4535128
2545704
6825196
7481404
3807450
4799228
5559088
2460768
7741670
2939185
9374678
5255352
5042967
4168016
3183461
9732729
9564598
5617991
1382864
8857525
9622113
8242949
3688739
8699336
9059145
1570380
8298842
1600431
7394269
3838118
3523571
9227355
8762013
4788930
2701317
2965996
8688615
9362203
4722590
7728387
1561312
2343014
5858380
5245379
5025955
6322779
9040231
1054086
5025931
1026649
7328382
7849596
3158073
6300823
4785031
3619226
9810730
1855760
4423413
7993711
5032760
4921775
8968458
3354904
7750009
4029586
5832497
1428664
5122976
6350117
2207453
6870598
9611785
4508032
3232365
5820008
9313560
4492638
7565519
7993976
3798431
8852577
8409499
3969785
5202942
2660577
6445659
5709654
3298809
3661892
6613181
6439471
